100 4950 10
41 77
42 44 179
15 74 673
51 73 201
81 94 318
44 68 986
57 15 903
95 35 516
95 2 571
77 58 310
37 47 918
18 41 813
69 72 24
74 28 337
71 10 933
26 71 7
56 49 875
27 89 441
31 32 588
11 42 5
74 100 767
61 64 275
83 25 541
94 1 799
10 100 739
100 14 562
36 21 414
66 37 464
44 83 274
59 23 608
22 61 801
9 42 451
2 99 162
63 80 482
71 99 862
33 56 269
13 69 205
94 31 158
35 14 232
37 80 588
78 77 124
81 54 758
100 69 416
78 44 946
98 54 326
47 20 399
37 46 210
29 76 194
51 46 639
82 79 566
7 88 538
19 7 729
9 56 226
1 14 591
13 11 810
89 85 363
16 43 288
73 60 274
81 73 691
12 32 109
42 53 661
33 93 323
96 85 287
87 30 650
87 27 274
33 18 833
7 32 596
95 23 268
26 87 977
28 85 168
39 62 56
61 2 808
48 71 491
77 79 89
30 61 731
13 53 373
100 85 439
95 10 962
93 4 765
88 77 314
73 50 926
65 84 658
24 44 274
51 69 866
55 1 15
18 55 590
99 72 652
6 3 563
11 79 797
61 60 102
3 47 510
16 93 283
56 1 777
75 14 83
7 6 640
9 29 451
68 24 153
9 99 716
78 8 698
95 34 443
93 17 186
40 67 385
75 53 143
56 51 539
58 55 728
66 85 743
84 7 190
2 46 172
77 83 770
39 84 554
27 53 74
5 56 842
97 92 686
24 32 372
47 57 36
31 12 588
56 28 543
61 21 862
87 29 200
3 37 891
88 74 798
96 31 558
61 25 839
39 35 184
6 51 558
72 59 812
90 97 501
88 93 633
37 92 245
41 66 404
97 98 999
42 79 773
53 47 644
14 95 663
52 90 331
84 77 781
35 29 109
25 6 116
97 75 112
26 11 899
11 18 480
87 94 600
13 62 588
3 91 429
5 67 787
39 87 972
65 76 650
59 89 552
74 76 581
84 96 59
57 14 461
3 45 528
92 24 294
1 3 339
28 6 899
95 89 277
93 30 900
11 7 75
17 92 995
84 59 588
23 10 556
10 14 336
93 98 917
14 72 579
34 87 72
63 32 952
31 95 465
30 1 402
44 38 846
84 66 366
16 10 408
9 1 854
47 82 663
13 70 64
15 75 598
32 54 727
6 78 304
86 26 337
33 15 837
83 97 231
36 30 439
62 75 424
64 41 761
64 4 184
79 34 993
44 88 159
51 86 796
24 54 347
72 87 151
23 45 428
32 21 687
17 19 131
25 81 197
15 30 609
56 79 520
92 35 953
50 37 372
71 14 402
74 78 415
87 23 934
51 10 702
12 76 870
51 37 477
98 62 754
45 80 514
7 95 566
87 41 592
7 19 464
75 36 250
29 96 404
5 10 781
70 55 860
38 73 590
4 73 142
85 63 173
51 36 213
56 78 826
60 66 886
10 3 301
22 12 322
78 72 49
44 36 85
45 93 814
44 54 411
30 76 142
15 26 923
43 25 297
50 58 312
18 43 541
52 15 291
50 5 316
89 49 369
44 30 255
21 26 260
54 32 319
76 79 784
63 89 349
90 17 568
98 84 810
12 48 991
40 60 673
100 79 784
75 39 767
7 41 438
63 19 411
56 27 377
73 99 24
6 93 981
18 32 147
12 70 857
89 7 544
36 85 208
53 72 613
76 32 896
83 9 142
80 81 203
35 24 367
88 90 414
59 7 108
92 98 919
40 16 213
3 17 42
92 41 744
36 15 356
43 5 76
96 70 960
14 89 706
15 18 522
40 11 270
26 91 296
16 13 16
60 6 423
47 14 936
82 69 794
5 1 656
96 38 316
82 72 248
85 65 498
95 12 748
11 49 422
50 29 926
27 24 867
49 84 819
12 65 90
41 85 557
25 71 883
62 50 838
4 39 858
67 68 229
5 100 216
18 66 530
93 62 604
69 59 586
98 42 448
91 42 187
99 18 584
30 96 949
28 11 172
24 45 842
21 79 274
13 2 637
28 87 284
90 51 620
37 51 635
68 67 992
85 96 522
72 43 946
56 72 594
7 87 482
51 9 970
58 63 907
83 23 350
57 4 39
54 39 472
33 7 765
10 22 31
57 90 626
37 63 663
91 49 64
40 68 339
32 72 851
81 95 127
17 10 788
69 14 189
12 17 662
77 69 282
50 88 619
97 100 68
55 36 960
55 67 297
38 91 112
32 42 827
54 8 329
45 5 589
66 68 762
42 12 11
72 90 132
68 23 892
20 41 474
11 57 806
74 32 500
69 45 4
5 8 857
30 95 991
42 63 305
74 89 523
51 48 897
7 74 731
22 69 438
87 95 939
91 71 428
1 50 893
76 35 43
28 75 352
78 98 649
94 37 790
58 57 424
73 9 981
40 30 820
83 36 654
19 54 181
2 98 90
65 31 70
21 45 999
88 40 269
8 91 159
46 94 641
6 23 776
35 16 798
9 27 639
70 87 415
94 38 783
73 94 328
4 24 656
74 16 125
78 56 206
46 10 97
94 95 733
45 7 586
80 73 404
28 49 162
98 9 750
54 53 37
23 67 369
31 72 773
14 22 216
34 89 636
90 85 9
26 30 804
29 5 392
14 68 489
27 95 445
99 24 339
41 58 866
43 39 48
77 51 656
14 20 694
44 33 436
88 55 898
4 20 666
60 44 243
75 46 420
40 69 947
64 94 178
26 23 867
31 16 323
57 97 908
65 58 203
85 66 26
61 94 951
48 53 150
84 9 143
52 61 554
73 100 569
75 77 906
93 70 618
52 6 320
4 32 275
47 26 569
31 18 545
45 17 651
92 49 560
52 92 101
22 62 361
34 54 604
56 42 53
27 70 996
3 98 820
75 92 405
91 4 339
9 3 330
12 20 873
36 97 867
61 75 478
59 73 667
95 57 527
37 41 947
68 9 848
100 76 852
69 66 727
28 32 216
22 59 332
89 12 993
48 57 233
76 80 158
13 22 768
37 12 856
60 69 553
64 38 508
39 58 128
99 20 768
84 95 961
50 69 782
47 46 851
61 92 352
6 64 935
47 35 80
51 75 375
15 5 948
61 99 162
91 2 339
63 81 976
81 64 501
39 71 619
96 58 304
66 81 659
91 25 273
68 36 352
63 54 197
23 24 30
75 12 341
2 57 753
31 98 476
19 70 68
62 16 530
3 60 235
44 2 283
35 32 582
39 43 803
90 99 775
63 5 990
86 95 615
47 21 188
75 73 722
39 24 347
49 100 836
22 81 72
83 44 222
100 24 455
14 67 415
13 99 373
22 64 908
88 3 113
73 53 347
46 20 988
36 38 61
36 14 587
79 86 142
56 36 420
51 74 110
71 96 604
57 33 365
64 89 189
19 60 502
74 2 193
21 40 444
26 45 56
73 21 478
68 72 755
85 99 257
6 49 671
73 13 588
56 46 128
76 9 854
40 74 685
39 86 218
64 24 289
36 16 264
11 47 376
4 13 421
8 23 496
21 75 897
32 18 376
47 10 275
20 67 632
26 55 496
84 53 11
39 41 604
15 50 929
41 30 475
75 95 735
16 75 357
15 77 755
62 98 629
16 6 373
37 35 546
48 24 438
31 97 918
92 44 626
73 25 616
97 86 459
46 30 203
82 15 52
59 48 717
72 57 738
5 70 462
73 29 469
41 38 496
3 15 542
6 48 372
60 7 719
5 51 539
19 53 370
44 53 339
22 79 4
68 31 157
46 29 203
7 64 851
6 45 27
92 70 270
14 80 734
1 85 463
34 59 313
99 92 694
51 19 228
52 23 372
95 45 980
26 67 398
76 78 653
10 93 871
73 16 86
89 38 374
83 31 399
23 20 67
87 61 881
76 34 559
40 82 77
13 61 510
52 22 477
9 72 338
44 37 572
65 6 849
61 50 756
83 27 826
80 16 903
25 13 537
71 6 151
90 27 640
65 94 502
75 30 702
94 58 286
19 63 563
2 52 757
52 55 130
40 88 626
23 35 467
25 93 269
17 50 100
19 33 545
11 28 435
79 73 820
84 25 542
67 74 919
94 49 403
54 48 874
35 44 430
96 59 452
66 35 689
26 14 419
60 38 599
70 19 470
22 30 228
35 62 104
38 32 179
23 87 780
74 55 825
51 17 104
90 95 756
18 39 854
18 31 54
8 13 62
14 47 494
5 84 535
92 52 865
85 50 907
36 81 665
75 25 289
19 55 331
54 74 595
61 16 250
55 90 766
71 81 760
93 65 249
27 63 315
98 76 184
79 87 928
99 44 81
66 20 962
26 41 21
64 47 229
100 92 110
60 24 840
65 5 624
38 66 49
16 76 650
65 45 28
66 94 23
41 63 843
73 7 718
94 99 544
2 85 410
79 38 215
62 47 924
55 73 28
22 99 958
43 4 929
28 3 838
72 35 736
16 19 207
84 8 820
48 56 694
36 23 292
74 98 948
11 78 741
5 39 762
64 86 888
74 43 656
47 73 115
30 43 126
79 49 885
87 39 245
21 73 706
83 74 217
14 74 978
87 65 982
65 24 474
59 61 778
56 26 273
48 99 233
63 94 401
16 36 288
85 26 505
22 52 249
62 15 987
92 51 921
77 100 121
78 41 344
80 34 887
69 12 911
41 46 635
41 56 227
76 84 431
20 63 393
78 48 355
22 63 13
79 50 187
83 24 95
7 92 29
94 65 943
78 33 295
67 52 973
54 37 933
62 79 171
50 25 913
89 41 925
88 91 412
20 75 541
35 63 717
58 13 298
71 25 794
23 19 647
55 13 130
75 35 516
92 14 174
34 88 552
55 27 119
19 87 96
44 62 756
53 76 967
71 41 557
90 12 486
53 74 308
84 72 852
42 60 533
7 76 516
10 48 579
43 29 359
20 90 396
11 89 914
13 82 288
30 100 108
12 50 892
76 25 859
35 36 3
19 8 153
15 25 658
41 13 167
83 53 361
23 43 724
98 38 434
45 68 128
66 32 751
98 36 564
86 92 390
72 34 700
58 93 614
71 83 576
47 62 965
12 40 48
73 33 543
29 92 907
37 69 482
8 88 450
88 82 105
82 98 78
81 7 973
12 25 670
72 95 207
11 29 335
51 8 2
50 70 578
92 95 550
98 94 42
29 79 856
76 89 789
71 74 633
2 87 623
71 61 928
79 97 260
6 40 149
8 75 193
92 15 642
5 58 899
80 70 512
33 28 888
14 91 883
56 54 876
95 22 796
84 54 794
21 84 383
68 18 296
77 28 479
38 26 275
69 52 130
37 8 966
82 39 504
17 65 708
38 63 116
43 47 553
46 19 40
1 62 72
30 14 845
50 71 174
71 50 953
52 54 739
53 21 859
31 21 533
10 35 296
82 84 448
16 60 591
62 90 778
89 64 128
59 78 467
46 88 53
36 40 863
11 14 203
83 78 523
82 2 142
86 75 464
32 77 907
8 79 548
30 59 534
13 81 598
21 76 240
88 95 823
29 81 11
4 91 323
8 80 947
91 5 263
70 72 493
75 93 652
33 38 538
12 39 640
86 76 710
33 99 582
9 49 674
98 40 281
1 53 115
35 58 959
33 26 916
66 61 928
72 26 461
28 70 196
6 13 50
2 62 294
46 99 239
53 49 510
85 75 751
52 10 850
24 77 757
54 88 935
70 14 273
67 66 995
93 21 665
38 43 192
50 63 951
3 34 648
16 32 519
10 80 47
99 66 350
15 1 469
37 94 183
29 4 426
99 28 738
81 2 298
58 97 769
34 9 24
78 67 754
11 30 947
99 14 798
51 27 221
98 65 73
8 29 130
43 19 737
100 18 660
90 40 251
45 18 577
31 79 646
3 66 769
68 44 320
9 14 837
99 63 240
45 2 182
38 75 23
4 58 126
13 8 931
73 84 934
4 42 194
20 66 189
47 80 302
100 29 963
70 9 163
49 88 380
9 70 500
21 95 591
97 43 86
99 30 770
32 12 51
67 49 35
35 26 821
79 98 645
10 29 928
54 62 173
24 92 131
92 73 622
94 79 321
20 69 629
18 84 938
78 81 443
89 71 99
58 45 218
67 83 166
80 53 430
67 39 992
94 21 981
46 11 123
17 80 37
26 62 750
41 29 382
48 38 681
67 26 116
50 81 295
98 49 512
94 51 686
75 2 576
24 70 302
66 28 971
67 36 21
100 66 845
80 83 710
7 52 251
19 74 14
87 11 813
91 72 59
43 18 580
12 21 978
5 74 993
68 53 480
39 28 718
23 4 773
69 75 922
57 59 656
85 53 431
18 13 681
39 82 560
83 2 750
99 36 783
52 98 684
62 71 686
22 7 782
90 94 371
64 27 224
34 92 804
38 8 773
50 28 787
39 17 113
70 17 406
98 69 681
63 90 585
91 8 15
58 21 103
53 33 481
18 75 758
29 36 86
93 82 214
72 11 547
4 30 572
11 63 578
61 13 743
74 5 206
67 92 345
70 2 855
21 28 922
33 63 235
60 53 613
29 72 58
49 90 811
36 61 670
13 19 130
36 8 488
36 41 734
58 7 52
8 63 516
25 1 580
6 38 183
49 99 50
85 48 417
95 62 283
37 7 742
86 12 879
30 17 470
45 14 426
85 77 337
53 52 580
26 58 348
55 72 239
75 52 962
80 87 351
11 9 172
67 44 516
14 2 169
45 55 312
70 59 362
2 42 531
100 42 601
25 86 486
27 82 176
1 12 29
42 65 483
82 18 436
73 40 109
38 34 964
63 30 756
44 50 620
44 13 314
66 50 322
7 48 926
38 86 658
35 17 202
92 91 559
86 36 69
24 86 28
59 6 99
27 42 601
70 18 359
46 60 853
55 23 623
27 77 392
37 40 994
71 76 17
32 69 494
9 37 243
46 40 362
23 60 912
88 9 258
75 26 327
87 58 540
13 100 931
32 23 585
26 43 637
67 57 906
16 25 678
40 46 627
67 16 358
74 79 316
82 47 708
98 99 839
42 6 689
31 20 936
89 4 468
71 11 234
13 78 954
20 40 552
74 68 531
83 69 315
20 81 405
90 46 417
42 92 94
29 28 41
98 75 953
2 21 279
20 73 478
28 61 30
97 18 876
34 1 679
2 18 735
12 52 934
94 67 333
23 91 94
100 27 422
46 16 754
74 67 976
75 87 103
43 7 972
63 100 770
75 51 662
37 43 276
19 99 345
37 89 186
99 83 974
21 8 737
95 73 622
73 27 401
28 4 32
83 67 371
1 91 928
81 18 996
17 81 974
10 33 107
71 13 128
97 36 99
61 41 582
72 88 807
43 76 106
4 93 215
81 41 135
25 52 875
44 91 582
91 64 185
29 8 338
39 1 141
20 32 387
82 76 168
93 8 939
38 33 378
9 94 121
31 2 702
36 71 140
67 56 120
78 32 163
34 77 122
14 43 642
56 30 470
55 56 864
90 69 742
32 53 515
54 68 737
2 49 475
92 82 618
5 49 245
13 12 311
54 28 595
99 74 811
27 50 633
47 78 866
93 50 378
53 45 536
35 88 820
61 76 695
55 74 273
70 3 50
17 67 399
20 55 582
78 15 354
46 56 987
92 65 921
20 1 16
68 59 494
5 6 653
100 90 732
21 85 640
36 67 54
13 73 159
57 24 230
90 26 524
8 84 252
45 87 809
75 31 267
41 51 76
55 94 194
33 1 229
37 21 525
12 63 311
64 35 175
89 47 44
82 83 874
23 54 918
68 55 286
79 15 622
5 68 177
86 2 870
19 6 456
22 85 818
55 59 746
13 72 206
39 38 938
2 5 591
22 72 341
66 78 605
78 27 365
19 37 493
94 57 121
33 27 997
52 39 42
97 79 599
99 29 211
32 61 832
99 84 375
23 11 350
10 62 101
44 6 855
19 45 904
15 81 462
67 4 481
43 93 620
67 45 315
60 20 128
99 11 67
84 94 476
64 17 174
81 13 275
75 81 612
38 71 595
86 88 374
8 93 345
43 42 661
11 93 68
88 38 603
44 25 705
67 53 898
23 98 833
90 41 284
42 99 770
60 76 405
42 98 452
89 25 434
12 33 540
62 35 355
51 50 812
82 52 912
21 98 752
3 12 294
20 76 14
6 70 106
36 45 908
61 10 131
45 21 873
93 85 323
22 91 836
75 68 165
62 49 908
93 36 441
76 16 616
36 55 921
24 73 89
53 77 314
23 88 344
53 36 372
11 86 256
83 42 805
58 43 406
38 69 18
50 31 83
5 48 559
76 54 80
44 61 632
91 60 48
83 58 461
26 75 632
30 12 957
14 38 892
8 83 989
46 17 247
89 1 996
29 22 356
50 99 181
22 27 24
100 9 968
67 14 598
22 42 170
58 8 268
14 88 506
46 18 614
8 30 125
40 26 778
50 80 777
68 73 882
25 45 303
95 15 223
86 61 809
52 86 765
58 4 987
77 4 395
8 100 126
84 44 151
79 28 429
98 86 693
29 53 644
98 24 858
29 59 121
54 38 136
24 74 983
14 79 825
39 93 384
15 47 710
11 67 841
19 18 130
1 65 555
63 52 191
100 89 223
13 63 513
14 44 81
50 4 418
7 37 895
44 93 116
46 42 804
55 97 610
48 92 151
61 36 106
90 75 462
78 76 62
14 11 635
50 10 449
14 24 487
90 43 851
87 99 339
2 74 690
29 86 363
15 67 847
34 13 913
18 49 926
93 12 375
4 22 855
31 17 151
31 54 702
53 1 778
38 89 977
37 13 741
100 35 680
46 33 336
3 71 803
8 4 854
40 65 313
35 40 223
31 78 62
87 93 214
38 78 533
93 48 247
35 78 973
83 57 644
3 55 220
13 79 840
2 67 149
94 63 410
94 11 369
50 60 100
26 31 966
72 20 580
64 53 207
2 50 927
32 35 677
93 34 913
85 68 320
34 56 992
68 8 269
39 42 809
71 34 545
22 87 743
73 28 413
61 19 893
11 62 725
48 79 325
12 34 866
36 42 532
62 85 74
15 69 918
84 6 801
91 28 16
89 24 584
11 53 24
78 55 8
57 88 712
84 41 252
56 24 612
36 89 476
59 92 206
52 84 664
64 2 410
37 76 237
62 36 690
17 38 47
74 3 11
73 43 911
62 60 430
96 23 27
57 68 949
29 60 125
1 84 349
5 27 803
10 97 315
74 7 724
85 1 298
66 41 407
92 34 5
46 76 934
94 36 587
81 33 961
87 4 881
35 47 315
1 98 220
8 78 532
85 30 363
94 92 837
61 96 479
46 63 746
36 64 45
62 7 154
32 98 501
8 53 622
45 12 464
14 78 297
31 23 717
48 43 651
5 89 4
62 39 486
60 28 406
66 87 19
93 40 360
51 88 47
38 21 581
11 2 603
9 25 801
70 36 420
44 22 776
10 70 488
78 96 104
16 69 456
74 59 757
26 33 165
58 62 563
39 27 328
40 1 272
53 24 566
16 15 275
83 66 439
98 57 303
4 49 201
70 60 734
64 3 453
33 4 82
71 22 814
43 12 967
86 41 957
42 57 980
31 1 820
36 19 573
58 32 267
46 66 473
58 68 433
2 51 499
83 16 640
65 49 935
26 93 574
35 38 301
28 39 963
81 3 751
17 83 2
65 99 114
35 4 770
82 34 409
65 97 71
78 88 512
9 19 972
12 11 38
42 86 562
63 4 24
80 85 651
88 53 405
53 8 324
76 67 205
11 52 328
82 43 105
29 82 742
8 33 763
16 59 899
33 74 207
77 17 435
37 68 365
44 3 936
55 77 331
24 6 264
9 17 918
79 61 23
37 55 735
70 38 245
15 49 931
4 25 471
95 52 828
62 41 474
88 33 999
49 69 633
73 4 326
91 93 121
1 4 639
46 100 261
68 70 1
15 29 576
67 69 92
83 7 49
65 83 738
85 5 895
95 98 37
27 67 667
90 25 248
44 48 934
7 79 172
48 22 364
33 54 201
67 25 764
55 26 538
85 93 827
52 53 913
20 64 532
68 63 893
35 96 739
96 63 813
64 30 457
79 58 609
19 14 795
8 97 935
51 14 93
98 100 124
85 73 170
11 36 95
50 68 276
56 6 860
17 62 637
80 63 458
57 95 73
40 4 37
97 45 492
86 73 433
52 29 473
16 9 357
92 47 734
22 36 635
36 47 253
70 67 169
45 71 635
100 67 840
69 27 83
87 62 40
50 49 518
96 75 613
95 66 718
85 54 584
27 83 255
2 3 85
33 10 224
1 17 608
11 94 194
98 90 712
14 59 379
24 96 526
81 32 914
4 1 212
29 11 753
43 55 80
14 21 768
69 90 424
11 35 894
59 45 237
29 24 888
83 91 2
35 10 967
72 54 575
61 83 30
53 81 364
17 61 98
5 57 642
1 77 739
60 78 44
23 79 448
43 44 898
54 19 284
72 48 832
10 95 489
92 57 376
35 68 572
13 38 846
74 46 590
99 19 431
34 75 29
77 40 597
71 55 822
35 2 240
100 17 765
75 59 338
12 42 227
2 12 374
21 74 421
31 49 911
11 38 210
89 50 922
57 85 966
28 1 811
1 86 674
4 62 301
93 16 488
19 80 636
81 45 959
95 19 657
40 64 713
41 61 436
85 61 791
7 50 172
88 26 45
41 60 492
52 80 687
11 81 827
41 81 457
70 88 63
100 94 277
58 34 182
66 71 702
48 32 774
85 21 285
42 68 553
37 67 536
28 64 228
36 79 749
60 8 817
34 39 739
47 90 398
66 7 135
16 39 222
78 60 579
2 58 944
4 72 100
60 81 96
64 70 638
80 11 175
92 21 731
13 87 304
72 96 489
57 32 13
31 48 726
63 69 740
22 21 802
75 38 192
30 21 403
99 61 929
25 36 644
87 67 421
56 9 269
39 23 504
24 75 160
44 14 678
29 21 928
63 10 976
98 22 927
34 74 434
93 32 793
18 42 113
53 50 213
98 18 827
45 64 181
2 38 940
13 27 424
28 42 791
31 47 690
58 50 995
48 40 75
12 87 867
4 26 254
38 16 816
15 90 855
15 43 141
75 8 398
96 10 582
38 6 465
57 87 974
46 83 961
97 27 359
47 65 329
82 55 860
5 73 312
93 23 130
33 9 865
87 20 381
10 81 272
12 90 813
22 31 749
85 25 146
91 55 313
15 65 592
38 11 189
64 8 659
61 30 84
60 72 444
53 56 192
35 12 267
16 68 22
59 17 705
26 60 360
98 15 942
50 42 279
18 95 329
74 40 261
86 1 933
5 21 683
41 49 119
51 60 236
64 100 503
35 34 495
77 25 651
2 6 453
53 17 301
93 53 560
68 80 148
87 56 951
85 19 111
59 80 641
97 72 932
72 76 339
18 71 507
53 31 736
68 13 541
29 69 672
61 38 947
83 71 150
16 54 423
59 63 134
82 20 705
41 33 469
17 89 500
53 34 120
26 18 856
69 25 926
11 75 400
10 86 168
46 70 565
85 24 357
19 11 436
82 63 294
27 84 496
48 2 75
18 48 667
33 6 893
61 58 648
87 64 431
34 84 759
4 18 288
4 31 12
88 16 54
41 20 496
18 44 301
56 89 388
21 59 762
12 26 997
36 10 78
83 28 731
30 15 516
56 70 789
69 24 840
33 36 424
87 76 189
73 57 510
83 34 779
91 52 783
20 61 217
18 56 399
9 97 563
98 78 344
13 59 733
3 56 144
47 51 252
7 44 757
33 85 589
23 27 691
29 3 268
78 91 176
47 48 856
89 98 40
40 79 710
13 16 163
30 62 167
8 94 215
29 13 304
43 17 887
90 87 851
59 34 752
26 40 270
51 76 219
96 30 971
54 16 401
7 24 996
12 31 993
72 14 383
31 90 621
70 45 584
10 49 161
60 93 995
86 74 175
24 17 901
97 68 248
88 66 411
43 3 701
23 32 549
91 99 316
24 34 138
40 12 526
29 70 203
28 92 767
48 59 860
12 64 945
9 65 516
30 66 317
76 57 901
65 1 33
34 64 59
65 74 914
64 16 42
25 64 954
74 93 752
99 54 472
38 22 987
88 94 752
29 47 742
14 6 883
90 81 132
91 59 257
20 92 761
28 63 547
8 54 353
83 59 255
24 48 162
36 76 44
57 94 393
26 54 781
53 89 361
44 65 730
35 100 349
20 37 220
38 100 524
82 85 821
76 30 941
43 77 898
68 21 949
61 91 117
75 17 389
43 31 986
56 67 399
40 71 300
49 75 484
55 64 3
10 5 817
52 74 688
67 27 485
81 27 420
53 91 123
69 43 256
28 37 102
22 55 389
43 6 814
36 78 837
68 65 641
1 95 741
58 98 923
80 41 534
60 90 582
1 21 157
86 67 831
6 35 251
23 22 262
99 76 953
27 61 921
40 91 995
68 86 354
40 87 651
96 67 616
30 41 643
70 21 929
95 25 201
48 87 843
50 11 743
63 34 658
66 62 836
8 31 323
1 82 962
94 72 441
93 73 40
60 31 375
47 76 12
51 44 724
75 43 205
37 88 189
21 35 984
67 24 299
22 51 700
99 91 408
48 23 920
14 71 978
50 82 290
81 38 761
3 82 579
55 44 276
69 10 851
85 90 194
2 63 110
13 23 555
80 9 267
25 50 459
18 3 61
62 11 787
69 86 426
31 91 392
18 99 448
67 79 844
15 35 61
24 15 560
48 82 550
63 18 562
5 13 507
22 77 963
72 4 439
69 19 600
78 86 107
28 95 120
80 100 995
56 12 30
71 90 112
48 49 478
92 81 847
17 23 194
94 90 460
67 40 265
61 66 168
53 32 206
89 70 466
57 37 560
89 27 190
24 42 991
40 62 308
41 92 955
86 97 743
54 49 913
38 39 447
33 21 272
97 5 680
53 71 998
21 80 390
18 83 818
10 15 767
94 81 731
20 38 946
83 60 955
15 62 564
21 7 495
51 35 931
47 61 128
4 100 673
68 85 420
23 86 794
65 25 62
49 97 526
8 28 624
59 96 867
54 90 243
23 47 685
16 62 87
22 4 495
62 51 573
56 52 346
49 78 822
1 38 218
39 90 700
100 31 88
66 19 725
58 47 546
51 7 463
58 6 753
25 20 33
20 96 888
7 47 777
16 31 977
52 45 730
83 15 658
72 61 860
37 32 286
62 64 414
11 48 359
6 85 624
64 59 393
32 14 333
90 74 984
72 18 962
20 28 810
78 6 142
5 4 92
96 53 703
45 97 832
34 78 767
97 91 575
83 82 420
43 88 375
15 88 266
55 37 740
61 54 325
92 72 444
88 6 775
13 60 475
100 38 887
10 30 620
82 62 366
33 65 559
19 46 281
4 55 107
14 93 607
96 11 720
84 20 759
48 77 584
67 19 627
86 38 884
60 62 561
13 45 122
95 51 894
28 74 740
55 42 711
79 30 708
54 22 139
84 28 173
24 23 838
11 20 701
72 36 668
16 52 49
29 50 174
3 8 20
12 37 934
3 90 208
94 50 595
15 28 126
49 29 979
12 8 865
98 73 486
81 22 34
23 81 154
55 24 427
71 57 630
15 40 505
88 28 789
87 53 263
14 39 448
72 30 48
15 2 943
89 34 506
30 53 532
33 72 195
52 70 862
40 39 322
52 66 517
2 9 662
40 28 448
80 86 674
61 11 148
60 40 898
30 71 281
62 28 465
16 66 738
18 81 639
97 93 894
63 77 699
38 80 611
74 87 139
96 54 903
6 75 870
16 81 37
4 48 932
16 48 336
17 16 737
95 16 92
42 88 16
84 35 549
69 5 802
95 48 116
2 17 570
9 38 679
50 75 468
96 26 377
39 12 165
22 13 879
16 77 518
52 67 949
25 43 889
60 61 15
29 2 186
2 28 585
89 33 849
74 57 480
2 91 943
29 6 544
66 2 742
73 76 607
93 75 225
56 16 491
100 7 402
33 32 946
34 35 429
28 36 737
39 8 427
6 11 763
80 72 543
59 2 427
21 71 94
24 10 855
81 87 298
14 77 371
75 7 547
11 97 285
86 58 662
25 23 35
79 99 306
57 44 89
83 4 133
16 70 940
77 8 214
10 92 784
28 15 275
28 72 689
66 54 707
6 55 466
51 12 215
74 86 464
18 17 848
8 17 639
9 44 130
56 14 492
17 91 309
40 51 471
73 72 196
54 44 959
31 4 601
61 93 342
59 49 210
38 2 240
54 42 120
50 64 579
78 24 517
79 23 761
79 14 847
94 4 900
95 36 234
98 96 162
4 69 526
63 56 342
34 76 119
22 83 823
31 66 472
29 78 108
74 47 327
34 94 292
36 17 113
50 62 260
68 5 798
6 32 62
58 22 78
76 69 138
86 51 466
38 83 688
75 40 17
32 26 755
82 13 162
22 39 28
32 65 726
28 84 197
54 64 866
91 12 742
64 97 488
69 29 717
35 9 555
33 94 223
73 55 703
37 59 27
90 66 973
10 4 30
44 18 514
69 1 650
84 29 835
42 54 746
34 98 918
62 76 72
51 92 508
56 23 344
78 74 853
11 60 731
61 59 220
60 26 731
11 50 418
24 7 490
85 87 149
89 93 4
54 29 127
18 40 819
80 40 790
47 79 183
73 52 28
9 59 973
12 16 979
17 37 749
58 31 428
91 29 394
90 44 602
95 17 332
97 14 316
28 55 562
71 75 342
74 71 272
76 2 254
25 44 499
91 40 455
27 98 586
71 33 572
91 62 619
88 99 261
68 60 258
88 98 670
15 52 173
91 18 200
83 62 945
75 98 791
93 83 205
44 73 253
76 28 882
27 48 723
92 43 420
32 41 987
92 26 249
90 29 437
16 3 295
27 55 23
76 41 396
39 95 165
29 30 460
71 17 365
19 26 261
53 6 971
98 19 904
33 100 68
31 45 476
86 62 574
1 63 330
31 56 74
59 77 619
58 16 611
90 82 840
79 10 29
7 90 82
63 96 95
95 47 191
34 36 17
4 29 407
72 6 911
87 100 109
92 50 611
67 85 661
54 14 465
15 60 282
31 24 216
63 22 436
2 80 40
10 47 701
83 90 785
9 54 891
65 91 525
78 23 879
15 100 916
64 50 281
39 60 608
30 37 91
56 48 511
71 31 457
4 67 183
58 76 159
13 64 80
17 2 815
76 98 789
6 62 788
16 37 668
46 62 291
14 4 205
30 85 972
41 16 560
14 3 501
26 15 536
55 22 702
53 67 111
90 86 470
35 77 509
99 81 390
84 81 996
4 33 99
7 49 893
3 11 314
52 85 881
53 43 481
25 60 142
20 98 681
70 10 686
57 6 761
25 63 79
62 17 345
52 83 523
58 51 374
77 75 748
47 4 929
32 64 344
9 22 154
52 96 433
86 59 577
57 7 896
9 26 5
81 8 324
87 70 329
19 10 309
95 60 799
42 38 778
89 36 161
20 91 489
37 57 121
90 9 746
50 44 218
85 15 220
61 82 668
16 17 38
26 34 852
64 37 576
66 64 275
27 23 922
11 64 517
100 81 881
30 39 749
9 73 984
49 76 714
28 80 673
5 64 922
30 97 78
12 1 982
20 85 661
4 97 283
32 28 233
31 51 137
16 23 387
60 48 993
58 23 505
81 78 359
51 53 48
83 54 256
35 39 78
40 89 674
52 30 666
76 14 300
18 14 15
57 45 583
41 55 342
52 75 516
99 53 940
8 62 79
96 44 218
49 32 106
64 45 395
30 73 914
39 36 602
16 22 193
11 96 228
96 8 960
54 59 172
47 77 937
9 90 292
40 75 912
64 52 174
21 82 186
13 91 929
79 19 460
75 6 190
91 31 570
28 88 57
94 100 246
80 45 883
15 14 144
67 38 433
6 71 654
92 55 877
3 75 44
20 14 114
46 13 632
92 63 626
26 66 347
95 5 304
27 72 683
50 45 617
98 5 323
87 75 874
28 79 891
61 46 889
37 34 933
18 90 420
54 94 782
75 11 610
44 42 278
66 31 969
12 3 618
69 32 215
79 36 79
48 28 779
76 3 536
83 13 759
39 48 268
53 40 830
96 66 691
57 86 875
95 91 296
67 17 573
88 47 922
82 40 613
20 15 480
22 3 465
72 98 678
85 31 262
57 66 951
88 14 526
44 51 407
97 50 650
1 15 653
67 59 266
61 89 914
98 2 538
95 41 923
20 2 940
40 97 352
21 11 589
31 22 503
59 97 993
32 89 384
38 15 408
28 51 708
82 71 420
14 60 143
66 55 206
37 33 474
55 7 545
43 27 472
23 71 669
19 16 715
44 4 38
23 34 820
93 7 614
3 36 237
92 99 881
48 86 896
14 7 109
97 87 199
56 44 86
25 29 14
34 12 175
67 21 713
90 79 925
23 77 296
68 97 173
29 9 418
62 37 799
4 3 187
67 93 905
20 79 965
48 55 576
30 58 938
24 98 247
26 3 196
86 21 609
50 55 995
12 59 447
47 64 257
36 87 358
21 6 840
16 64 784
97 90 511
49 23 827
52 9 84
31 34 900
12 6 24
77 37 756
67 84 687
52 24 456
79 17 863
47 29 354
75 74 386
92 39 176
84 51 165
68 1 925
1 68 912
97 11 874
88 67 641
45 26 630
97 31 740
29 77 85
34 53 960
21 41 712
81 35 961
77 72 519
39 7 665
16 90 248
24 43 328
62 78 457
38 81 249
27 51 547
100 91 371
37 98 451
97 33 694
5 15 94
63 47 361
93 79 656
91 84 955
19 1 156
49 93 84
63 99 698
4 79 275
19 68 930
41 36 21
65 7 967
72 91 842
57 91 774
35 45 522
84 88 567
65 3 219
7 8 96
63 57 982
50 77 511
49 82 627
62 21 4
41 2 927
41 73 680
30 11 846
57 42 62
64 40 266
80 29 666
81 49 408
59 35 322
23 90 447
1 71 721
31 52 774
76 5 473
9 68 216
94 80 370
33 37 622
38 57 750
15 91 5
29 85 805
85 29 317
62 95 837
28 89 736
21 9 269
67 9 395
92 80 403
78 19 429
16 61 323
79 54 389
20 83 150
97 47 160
48 20 390
1 64 592
63 64 599
41 25 889
59 84 843
30 2 381
66 72 620
49 65 570
59 32 57
16 28 174
76 70 83
12 38 867
32 78 558
63 21 843
80 22 272
24 93 787
66 38 653
22 25 422
32 63 561
21 46 522
97 99 775
20 16 648
87 72 279
12 86 190
73 82 210
31 39 178
1 28 577
80 35 612
40 53 7
44 20 969
78 57 779
35 74 1
96 48 870
78 69 469
52 2 823
49 61 408
81 47 921
71 29 845
56 59 277
63 75 548
13 65 419
72 81 740
1 9 647
46 79 556
18 38 428
21 81 893
26 100 898
24 25 932
31 99 852
20 87 634
66 4 590
83 52 686
20 54 187
92 40 689
14 73 854
3 78 916
3 89 519
76 24 458
37 25 977
43 23 301
26 86 41
27 39 373
93 57 549
7 100 59
10 51 200
79 94 882
49 18 840
19 66 364
28 8 22
8 74 859
32 4 4
41 19 949
81 63 359
37 84 726
25 32 183
3 42 391
18 23 38
10 79 227
65 82 600
27 94 445
66 13 576
22 73 42
15 27 110
63 50 971
50 23 448
91 94 404
96 65 601
46 22 610
21 5 812
27 28 30
98 27 804
42 15 124
71 28 34
28 56 546
48 54 811
100 73 339
27 25 273
43 70 135
99 71 777
62 29 512
31 35 651
61 78 661
20 80 641
77 15 135
95 79 567
18 33 974
78 29 177
19 25 63
50 19 703
81 44 847
39 56 448
80 3 444
77 54 40
89 8 71
80 55 963
53 28 91
62 100 967
87 2 560
85 36 904
99 65 693
53 51 456
71 68 458
19 28 637
60 91 428
99 26 898
27 64 934
37 48 211
41 53 674
86 93 18
70 51 764
19 5 890
32 17 762
26 24 667
25 66 936
69 63 500
59 1 298
45 79 126
58 18 455
67 100 175
4 87 131
39 66 100
16 33 312
21 100 948
62 45 735
26 96 306
41 8 92
57 56 201
14 100 653
26 5 853
93 68 522
7 98 12
83 72 131
86 68 945
27 79 879
21 56 781
69 13 402
65 47 460
39 77 241
76 1 61
40 43 823
95 87 896
38 31 984
74 29 520
24 11 941
60 2 305
62 42 854
32 19 694
25 67 453
73 39 941
90 16 142
33 98 306
89 48 597
42 20 336
31 25 143
63 86 164
79 27 992
4 74 416
47 43 199
38 36 910
40 29 392
20 53 497
44 67 707
3 58 784
6 20 519
84 79 252
59 53 126
47 11 279
92 56 765
46 80 38
56 43 754
30 49 729
28 13 929
19 69 327
49 6 509
92 79 871
63 1 820
97 94 123
7 26 20
95 59 198
36 32 512
71 19 125
7 85 280
90 68 603
68 94 729
99 49 317
73 65 466
38 19 156
96 57 445
95 18 372
22 32 669
79 80 882
87 91 122
49 91 108
59 42 18
89 10 208
65 23 347
22 40 110
34 73 731
95 78 952
25 14 254
24 52 416
36 99 16
53 84 598
33 62 994
62 89 315
2 45 156
65 20 725
55 47 446
99 70 741
42 97 604
5 7 226
54 95 469
30 31 616
69 91 929
62 3 385
65 36 724
53 98 486
75 78 587
59 39 416
36 1 568
3 79 276
94 89 536
21 90 306
6 33 620
2 44 408
90 45 513
48 47 426
99 95 75
57 3 766
37 49 781
14 12 427
72 85 952
82 51 704
21 63 247
63 66 847
99 13 714
15 22 723
8 67 918
8 95 457
96 84 617
16 99 422
94 93 231
94 18 67
1 5 935
77 13 561
42 80 810
84 22 202
50 85 16
8 99 249
87 52 443
28 83 880
17 58 167
75 76 257
91 43 321
11 45 46
66 23 639
24 64 660
43 26 935
4 15 402
99 12 890
51 1 177
18 87 692
8 81 906
11 4 972
63 76 727
94 97 269
51 91 920
65 43 302
96 81 79
91 56 737
28 99 700
94 76 213
7 56 170
58 37 908
49 4 415
58 82 995
92 78 462
89 68 509
100 78 512
39 57 731
21 20 42
88 61 800
84 64 60
37 72 731
16 44 273
32 5 308
60 71 559
49 64 123
44 70 598
80 64 511
81 98 193
94 56 851
94 47 654
86 17 347
23 17 836
5 69 723
41 10 446
90 34 387
77 76 774
75 27 380
82 1 926
74 35 423
57 83 128
74 18 121
94 98 594
78 58 42
64 20 492
60 100 246
3 100 853
30 67 687
82 60 662
93 44 816
9 69 225
17 78 111
24 5 10
38 4 984
80 61 174
14 15 650
32 79 377
19 39 858
22 26 646
53 61 80
9 61 221
59 62 553
52 34 981
60 47 610
13 66 402
74 48 393
88 31 881
34 42 655
36 98 451
100 54 997
88 42 822
15 13 249
5 26 603
71 94 675
69 58 189
46 5 769
61 32 97
66 57 369
91 15 387
82 38 340
77 67 29
3 94 785
84 65 886
43 74 237
44 40 962
70 97 636
55 84 91
66 80 854
54 97 348
51 82 622
66 6 365
72 58 671
82 24 261
90 23 354
63 49 284
29 43 873
24 27 79
47 83 724
41 87 658
33 30 286
43 41 131
48 9 162
9 13 397
11 10 8
44 85 857
60 15 311
81 30 771
4 63 899
84 57 756
10 69 757
10 24 57
41 69 968
72 25 776
31 68 944
39 65 166
34 43 261
10 59 809
78 17 708
18 6 332
14 48 374
56 31 428
21 30 564
41 48 598
46 71 383
34 29 29
8 98 706
28 71 63
7 68 46
27 78 255
94 26 165
23 78 858
26 65 105
27 52 242
16 63 284
35 71 569
71 7 915
85 51 923
15 24 751
43 92 79
44 24 229
60 79 537
66 15 888
54 63 679
43 72 650
24 47 556
54 89 363
51 18 790
67 82 924
75 56 526
27 73 2
37 71 63
66 99 646
99 3 594
47 68 643
70 31 542
98 23 460
93 28 141
89 22 905
43 89 900
1 33 618
47 32 220
58 2 252
35 20 352
95 90 810
41 75 647
78 46 614
88 69 759
8 87 909
7 71 858
68 32 846
10 11 541
4 28 745
64 54 842
29 38 280
56 47 893
81 12 168
58 59 439
92 96 576
82 36 418
33 59 688
70 11 926
18 100 164
89 63 895
85 98 40
57 78 667
24 94 517
48 18 443
77 64 669
36 5 354
31 70 610
33 23 25
46 75 360
54 52 871
100 21 351
48 35 990
68 98 537
85 40 802
78 50 215
79 48 14
64 32 546
67 62 404
43 98 19
64 46 520
93 63 310
24 59 666
33 79 426
94 53 92
74 13 970
42 51 446
34 96 842
60 16 589
90 21 549
76 64 943
39 9 210
57 50 510
32 48 975
84 78 636
70 56 13
32 71 192
86 77 323
22 57 362
33 97 47
63 82 326
17 82 389
96 52 848
99 57 28
71 45 1
60 82 845
13 10 548
87 66 352
61 80 914
42 87 837
35 99 47
67 28 121
73 64 778
81 26 534
85 4 439
3 97 235
84 92 116
87 84 73
95 94 357
54 60 558
58 24 723
18 79 976
91 98 725
82 95 773
92 48 111
91 85 306
35 48 59
42 43 985
62 22 335
62 19 898
86 82 400
38 67 853
94 86 179
70 65 620
63 60 782
15 12 29
16 42 434
37 19 732
17 85 279
80 82 49
34 66 547
98 77 34
17 96 869
19 67 713
82 30 499
18 16 573
63 11 978
51 28 293
54 11 550
62 56 978
2 86 12
61 23 132
95 74 297
3 99 138
40 41 903
96 55 242
93 60 37
100 53 400
19 22 947
95 21 187
90 4 36
63 59 78
71 40 582
46 85 508
5 92 202
98 3 129
25 73 261
63 95 466
74 92 690
7 22 113
36 63 277
100 70 503
27 7 936
89 30 404
32 95 915
59 44 406
74 4 191
17 52 860
93 72 91
51 3 194
79 78 443
48 85 48
8 92 744
46 95 889
28 33 667
57 36 711
11 24 626
75 5 57
86 78 281
21 27 842
36 20 119
13 88 60
96 49 211
31 94 939
13 57 712
93 59 395
19 49 550
55 62 509
91 3 567
24 78 99
20 27 946
21 97 923
69 51 739
75 60 178
35 54 409
88 78 430
45 82 934
94 68 280
49 36 757
5 9 946
78 14 336
32 59 654
97 28 284
17 94 455
42 41 385
30 36 918
31 96 375
79 57 616
58 48 754
5 94 698
53 70 322
20 72 81
12 62 540
34 28 458
94 13 853
67 32 651
65 37 415
9 2 851
32 47 835
83 100 387
70 43 678
20 49 399
9 15 210
55 52 231
57 72 199
54 55 396
91 89 251
84 83 723
49 66 231
100 72 76
62 33 429
19 48 167
90 71 683
41 31 118
13 1 65
100 55 953
90 15 924
34 37 704
9 18 254
80 74 282
38 20 466
62 87 179
80 23 437
59 83 114
87 38 441
88 19 820
12 72 789
41 90 730
76 29 58
5 61 757
15 56 500
23 28 340
86 54 560
58 89 889
33 52 377
17 44 884
14 13 557
82 77 73
98 7 312
78 54 802
67 35 149
63 45 262
37 4 878
69 21 80
71 44 265
80 15 49
73 71 909
53 63 391
49 79 979
84 76 592
49 86 949
46 87 736
2 39 288
66 47 56
9 64 28
56 96 350
74 6 401
24 51 355
49 95 890
19 12 545
23 97 948
27 26 459
68 89 528
49 42 371
29 67 40
53 85 322
66 11 979
90 10 394
56 61 598
9 41 225
79 13 369
60 12 381
100 19 767
39 19 543
20 21 104
84 87 731
9 23 781
28 24 249
76 44 910
2 8 50
64 6 367
58 71 315
21 32 143
25 61 12
79 53 661
4 60 418
95 29 495
43 100 460
75 49 820
65 100 858
14 10 892
59 19 517
35 81 25
80 42 211
87 32 326
34 70 285
85 35 7
92 58 816
1 23 734
96 50 614
22 71 72
59 26 504
52 14 667
55 25 180
93 87 282
85 10 660
98 46 959
93 81 188
79 44 454
99 7 73
11 41 552
62 97 402
2 95 501
32 43 134
68 12 182
91 83 115
71 39 360
66 77 722
8 22 542
38 79 617
64 72 269
27 45 43
39 4 298
69 89 244
33 31 80
73 24 246
2 88 442
60 77 535
100 87 501
96 74 578
74 52 359
37 16 712
3 16 81
71 3 253
68 20 149
10 2 384
16 85 566
3 32 63
62 25 932
67 81 623
28 78 766
73 3 718
35 51 986
88 72 464
42 14 140
78 71 40
55 63 613
90 42 242
18 82 846
7 35 654
81 80 866
85 16 3
48 19 450
10 23 385
3 48 10
32 2 327
86 44 249
99 89 151
61 65 603
74 66 791
35 61 400
21 24 540
44 96 283
79 4 558
93 18 64
80 59 815
35 82 431
81 51 732
92 4 280
27 85 390
80 56 489
24 72 313
50 89 403
78 62 817
86 55 152
55 53 398
61 14 422
100 6 572
2 56 725
37 9 227
57 93 835
68 39 48
51 100 825
44 80 583
52 46 896
68 82 494
14 85 324
44 19 417
86 65 191
63 67 72
77 44 285
56 15 858
91 6 437
64 87 557
47 75 33
33 95 399
46 67 40
32 50 819
13 54 775
93 91 11
97 13 851
63 85 818
32 74 217
96 47 351
75 91 199
19 84 251
64 85 138
28 68 124
100 75 719
23 80 598
27 69 227
41 91 301
56 84 228
66 89 718
46 57 886
60 50 326
17 86 369
72 46 768
64 11 737
78 30 628
87 40 604
34 26 81
88 62 178
16 8 4
97 38 474
18 58 402
55 35 898
81 36 727
9 21 262
92 7 327
87 21 917
87 54 360
3 29 912
70 76 643
56 87 969
18 94 162
59 93 249
35 94 148
38 51 217
53 60 93
51 57 886
95 8 359
79 68 405
12 60 293
15 83 156
22 56 814
55 86 859
27 29 458
83 6 345
59 14 827
25 95 470
42 8 992
33 96 588
94 12 908
40 37 435
44 56 274
52 81 767
75 1 900
85 7 820
77 35 173
38 29 973
81 48 624
31 6 729
91 33 314
57 8 25
43 62 535
23 100 833
60 43 502
61 87 707
42 26 797
52 79 941
83 51 570
48 96 258
92 19 164
97 54 353
56 38 120
6 97 932
48 91 360
18 89 816
56 33 896
8 45 366
45 36 815
37 27 679
42 22 835
39 49 992
67 89 722
23 69 23
58 28 827
6 1 356
87 97 879
47 7 66
72 83 621
55 68 1
53 15 311
88 15 85
48 31 644
33 19 700
81 65 222
68 66 552
95 76 519
51 67 676
20 24 482
89 81 758
7 72 996
40 35 96
62 9 446
24 79 718
10 36 579
43 83 654
5 96 151
81 76 499
18 4 331
68 78 617
100 1 58
5 40 573
54 3 443
21 68 642
23 9 503
93 15 203
33 39 84
90 37 845
69 87 23
81 79 576
25 33 528
97 60 181
62 73 147
58 15 390
50 22 244
62 46 474
52 11 245
97 12 403
46 31 227
3 64 281
53 22 785
66 34 320
70 4 122
54 92 763
68 16 374
70 80 211
97 40 101
3 46 648
89 39 896
94 77 167
57 16 995
12 27 4
50 36 269
55 46 614
94 15 970
58 88 810
79 74 564
3 25 748
31 61 142
83 99 337
4 86 423
94 6 111
61 79 234
19 24 967
37 52 955
2 68 860
8 37 103
31 85 784
25 72 528
40 47 603
57 35 731
36 65 413
3 95 286
60 58 878
78 9 538
62 40 778
61 26 408
77 42 30
83 68 573
97 19 659
46 47 931
45 77 227
27 87 680
54 1 681
86 6 671
31 28 999
70 53 824
82 19 227
37 10 353
37 11 199
82 81 848
30 87 203
2 73 966
45 96 822
25 31 324
10 84 860
32 8 303
57 79 592
65 71 167
86 30 564
100 59 848
34 69 993
5 24 894
85 3 681
59 75 333
89 73 794
85 60 67
3 35 151
63 7 603
9 96 7
83 11 722
85 45 251
55 18 489
15 36 363
99 8 157
81 39 565
73 12 880
43 59 266
82 99 702
29 46 813
9 43 655
69 64 235
52 43 752
78 16 213
100 56 108
86 43 285
23 18 179
29 83 60
48 11 437
85 14 869
23 68 51
59 82 179
79 43 911
100 45 543
32 56 919
31 74 403
13 41 816
52 64 852
59 36 422
1 41 507
19 86 891
56 90 15
57 18 849
69 7 756
73 93 193
65 78 247
70 41 349
50 6 336
46 90 607
27 37 447
80 52 410
64 75 469
66 43 38
28 73 145
14 42 614
93 84 234
53 16 559
20 84 495
32 22 326
60 94 322
68 29 156
79 62 86
78 100 958
4 85 319
27 11 270
21 13 735
26 69 285
71 30 571
71 64 25
96 77 690
20 3 659
9 48 704
71 82 931
28 7 52
46 97 143
9 63 321
88 46 365
22 49 635
17 43 256
41 72 964
90 28 864
91 68 435
6 100 248
80 1 237
33 58 950
42 62 274
56 81 572
39 33 879
76 15 89
4 37 243
84 32 27
14 66 862
8 21 977
5 87 633
17 22 643
32 76 630
74 30 470
42 55 337
95 4 420
18 54 681
69 20 606
71 62 376
68 47 143
67 65 907
47 2 484
98 43 379
10 73 842
51 54 762
10 40 529
88 17 610
18 53 181
98 48 719
17 56 732
59 64 908
2 93 10
8 15 969
27 9 11
27 54 449
40 3 292
67 11 404
98 51 109
54 5 313
97 2 271
39 94 340
87 68 353
21 89 317
38 3 712
97 65 133
84 80 756
56 22 35
91 14 925
59 58 401
27 65 736
44 8 733
38 88 13
48 1 698
63 9 195
60 4 163
6 99 808
51 80 48
29 84 186
57 81 552
1 20 896
84 56 238
89 75 370
25 88 643
84 26 158
47 23 754
9 6 822
97 66 425
48 10 334
47 97 828
31 82 245
17 15 136
84 50 254
55 57 644
20 5 972
74 70 233
64 81 505
25 16 884
90 48 783
60 86 330
89 19 882
70 71 613
27 20 959
24 18 592
57 96 847
65 67 594
49 54 271
3 72 565
92 3 929
88 60 65
52 38 189
97 76 811
11 61 792
69 16 565
71 43 854
41 76 119
30 75 685
22 95 15
93 97 45
13 34 511
82 78 336
61 53 7
86 16 659
20 51 219
56 3 562
13 89 640
26 32 137
81 68 839
47 58 296
52 50 284
50 56 80
82 75 201
46 7 147
4 35 683
12 66 525
82 33 355
86 18 110
77 41 895
70 91 185
69 8 472
1 57 142
50 95 881
88 11 868
10 96 869
5 97 951
1 6 562
19 90 41
23 7 811
12 53 737
6 86 758
9 78 643
47 24 277
72 31 7
59 66 504
96 46 940
46 37 321
73 17 739
68 11 574
75 18 94
91 79 796
28 77 934
93 39 866
94 41 261
31 8 627
13 93 918
87 57 736
18 77 200
93 76 338
76 73 956
1 58 154
58 94 654
5 47 63
98 68 146
4 34 631
87 82 359
39 22 286
60 70 716
78 70 352
42 50 641
3 14 648
18 70 309
86 27 204
25 69 750
26 90 138
16 87 536
64 90 975
98 97 177
50 8 684
91 96 569
68 75 458
86 3 710
94 22 978
17 36 649
77 70 39
58 20 470
95 67 399
27 4 959
62 81 689
80 48 465
54 24 190
47 8 156
93 56 88
76 93 326
47 71 939
69 65 524
1 67 808
49 53 377
93 37 825
62 24 941
7 14 313
75 33 24
44 5 805
82 26 510
28 35 459
74 53 473
18 52 873
89 60 751
96 90 162
83 75 128
37 3 191
40 32 638
27 66 786
32 27 675
34 15 21
4 81 454
20 8 690
72 94 707
39 61 719
66 49 754
98 87 207
5 53 587
15 57 190
3 23 320
50 73 777
7 57 817
29 56 755
10 89 146
57 51 156
66 40 518
32 67 825
95 75 698
7 45 943
83 39 157
71 87 105
34 50 983
72 93 398
30 6 549
98 93 670
61 20 959
30 99 424
14 75 758
60 30 479
6 76 590
27 8 829
3 50 790
13 55 188
67 75 792
72 73 652
67 86 953
71 16 447
32 34 102
37 1 75
50 94 412
26 29 115
92 37 584
86 31 504
88 73 621
52 41 776
48 68 37
45 67 668
83 1 296
19 88 865
81 9 5
62 53 974
68 95 271
2 19 461
99 15 878
38 42 790
20 78 776
20 19 522
77 63 780
88 87 670
73 67 716
6 58 107
84 13 773
83 70 11
4 45 868
74 17 512
2 10 943
43 63 941
97 78 120
60 83 441
61 72 468
95 99 262
7 75 624
51 62 418
44 29 541
49 74 384
80 20 358
94 40 233
26 48 82
13 85 868
64 18 427
12 19 160
42 45 247
94 33 807
97 81 11
61 34 269
66 3 997
80 92 306
58 40 14
30 10 12
76 68 99
3 51 671
8 65 2
23 30 589
78 39 191
50 76 398
79 32 933
47 41 834
63 72 251
58 65 628
23 6 691
2 77 642
89 26 283
67 8 39
86 32 60
15 70 654
69 48 746
86 50 970
96 21 314
87 12 523
2 11 582
38 45 23
66 51 316
2 20 497
58 53 493
36 53 435
73 78 868
4 19 808
71 70 46
39 72 806
11 37 922
56 97 533
15 42 814
8 52 668
47 22 579
94 83 276
23 50 627
28 17 764
70 42 333
53 79 924
85 86 677
28 31 85
18 69 921
29 95 217
36 25 509
39 52 468
92 13 562
48 39 540
89 80 435
4 65 140
30 91 668
44 75 291
3 38 56
63 25 626
94 25 191
31 37 540
7 43 700
43 51 41
24 89 974
17 57 244
23 83 102
56 75 109
38 30 460
39 51 407
52 71 145
97 4 666
72 16 521
34 55 728
62 27 191
67 58 868
88 58 405
83 5 425
14 70 936
36 82 976
41 54 403
55 81 917
55 6 65
89 94 336
83 3 991
66 48 177
26 36 836
61 51 307
8 90 973
96 87 459
93 58 216
35 28 184
96 72 502
51 34 981
3 39 870
40 92 126
97 16 233
67 22 192
9 91 785
99 2 45
80 37 155
80 84 884
73 54 303
30 28 640
29 71 488
95 71 994
57 43 938
12 85 84
19 78 573
69 67 605
79 88 558
75 29 125
37 56 294
66 95 610
94 10 408
24 68 10
71 88 628
12 91 81
63 43 721
23 96 819
65 33 432
86 84 775
15 55 636
33 44 730
65 12 572
30 13 248
12 54 561
50 21 235
96 27 58
77 68 621
37 29 254
84 69 282
94 27 154
81 83 957
8 73 22
9 58 136
42 9 375
32 46 913
76 21 749
27 34 943
66 27 429
96 83 222
45 70 495
2 54 18
50 87 165
76 36 418
88 100 83
70 50 810
74 83 9
74 23 473
7 82 948
49 20 172
59 25 798
6 4 55
76 4 179
35 92 719
17 63 90
39 73 850
88 96 601
17 79 189
73 37 208
34 8 222
15 89 692
41 44 417
3 28 529
97 10 772
67 73 876
46 65 448
4 41 370
41 27 534
82 58 141
87 49 761
61 88 847
70 63 223
72 1 462
5 23 416
91 17 481
13 29 900
10 82 411
38 92 600
78 1 124
31 42 890
77 78 664
17 29 195
6 72 156
60 17 552
57 12 330
68 69 732
80 18 856
69 92 952
49 26 76
34 63 883
87 36 877
73 79 754
11 16 926
54 36 224
61 22 885
7 58 803
50 39 181
67 12 875
16 97 971
50 38 361
10 41 454
46 27 345
14 55 720
10 18 159
47 25 94
91 44 664
8 76 300
42 81 15
1 11 367
29 48 606
83 12 342
72 99 844
74 20 748
72 66 546
52 91 458
36 37 345
19 75 461
96 88 13
96 32 334
40 98 439
70 26 12
45 50 458
64 63 492
52 5 881
11 72 617
71 35 404
42 18 13
99 94 715
13 4 562
70 12 557
48 15 301
36 18 17
92 25 606
82 80 342
3 63 473
16 50 562
18 68 285
77 73 533
18 27 401
80 62 497
12 96 375
13 31 622
100 40 757
96 92 112
19 62 410
83 45 832
36 6 117
21 25 940
34 24 648
51 21 939
54 85 199
10 67 362
86 37 265
26 94 172
63 62 177
62 13 380
18 78 640
5 66 13
35 23 180
4 59 274
32 15 267
94 85 243
37 14 754
61 57 765
41 79 136
92 46 999
40 5 15
97 39 293
46 35 523
51 72 140
11 74 708
15 72 70
96 78 983
3 4 52
92 74 51
55 31 311
77 31 187
76 61 814
1 24 516
49 39 675
77 1 607
36 57 683
13 49 34
49 8 467
34 18 405
73 68 299
39 6 15
65 92 707
35 1 469
56 58 632
72 23 963
71 92 692
30 23 909
87 60 869
42 30 381
85 2 887
54 21 333
11 83 481
69 76 608
96 36 322
27 76 869
8 60 968
97 37 555
24 85 91
54 18 605
6 87 331
69 84 903
50 41 634
75 82 415
13 36 32
5 91 515
82 29 825
31 64 270
56 18 673
19 59 420
54 20 94
83 63 766
71 32 96
25 99 266
70 48 587
41 45 183
81 43 222
46 12 308
5 38 566
84 34 220
43 69 708
36 39 436
61 68 311
56 80 767
98 32 253
10 45 455
70 83 240
63 73 733
71 78 729
38 40 855
80 75 218
41 80 415
65 73 208
52 47 217
5 36 177
65 62 314
97 58 617
79 3 459
58 54 725
44 11 432
2 7 891
97 61 72
31 33 228
51 58 96
22 45 765
45 90 414
4 16 330
69 23 666
68 43 331
96 45 781
13 52 798
17 54 324
39 91 602
4 88 46
37 45 987
52 25 903
45 74 224
21 93 334
17 4 287
70 20 730
51 98 377
38 9 744
57 41 831
19 31 514
99 5 935
67 90 655
98 82 385
13 86 762
11 59 923
64 13 540
52 18 792
22 23 546
61 52 824
17 12 521
18 85 753
55 40 195
88 32 597
33 84 787
51 68 97
96 40 510
46 9 218
69 18 322
12 78 565
32 25 129
55 19 81
21 77 937
50 20 790
61 56 177
42 33 599
85 72 992
94 48 386
28 60 460
68 30 864
34 20 848
98 29 943
12 69 36
14 16 497
8 27 212
9 46 392
69 33 358
18 5 377
73 36 162
21 65 243
56 20 633
96 79 362
27 17 375
1 99 273
74 60 554
91 11 689
28 9 332
37 83 757
54 45 348
81 37 437
86 63 1
57 40 602
44 92 207
60 5 975
26 42 766
34 4 847
14 36 787
62 63 233
14 94 205
41 88 169
44 31 411
64 71 393
68 61 484
24 99 407
32 7 261
25 56 728
8 38 666
24 69 492
44 15 687
20 47 8
58 17 358
38 12 180
87 7 167
35 25 507
93 1 521
37 75 123
95 39 814
61 85 754
86 71 399
76 48 724
48 26 740
66 92 751
39 32 350
96 89 840
72 37 993
39 14 131
63 84 439
29 100 270
99 42 532
85 69 789
20 56 308
47 12 340
74 15 727
80 91 374
10 74 682
73 92 17
83 88 361
11 55 318
12 58 517
67 77 539
43 96 199
54 17 757
64 88 548
5 17 341
24 12 85
92 61 613
40 49 129
89 14 657
12 28 148
26 72 429
25 39 134
6 60 929
43 58 124
54 33 442
91 74 941
58 42 657
8 68 658
89 35 191
29 89 657
33 11 846
24 4 473
81 50 350
40 7 38
20 62 838
19 57 370
60 52 963
32 33 572
48 12 978
7 99 444
36 13 711
20 36 977
8 61 417
89 74 842
14 84 62
21 23 146
68 25 737
8 85 571
97 48 55
99 69 975
25 91 957
64 5 725
65 29 644
39 74 367
33 78 911
41 6 369
1 27 659
31 86 43
100 97 227
91 48 645
44 63 922
29 1 909
45 30 813
78 28 825
27 5 692
32 91 721
53 41 262
28 10 760
34 58 925
38 56 433
25 42 697
33 45 818
91 51 467
66 74 996
40 96 351
27 36 453
45 58 450
5 46 31
40 90 887
34 41 353
48 67 923
49 41 290
5 29 285
71 21 519
48 6 63
53 80 717
96 6 619
51 41 664
32 40 469
95 50 709
5 82 453
15 11 48
93 96 218
21 58 457
64 84 464
97 17 942
10 53 366
94 16 217
4 52 119
38 1 925
59 4 289
16 89 825
86 56 185
67 80 910
100 49 571
2 1 203
32 99 403
96 14 366
57 76 919
90 30 805
71 69 514
28 44 487
69 34 676
76 92 751
51 49 149
18 2 519
29 61 361
27 43 522
2 76 706
50 24 505
45 32 878
94 87 313
20 58 594
64 92 412
74 62 732
21 91 30
50 84 434
91 22 15
95 61 993
76 13 936
81 60 841
45 60 857
64 26 569
73 63 142
13 76 297
49 43 101
94 70 624
41 57 604
66 16 735
58 81 841
54 15 345
56 82 905
84 91 226
81 88 701
78 13 391
17 40 266
69 22 923
49 87 444
24 66 175
39 46 656
67 63 967
15 76 35
66 10 123
89 58 265
27 41 591
55 43 585
39 16 804
83 49 611
35 59 163
25 8 136
25 38 84
66 26 965
71 5 535
60 33 748
10 37 590
96 9 355
83 73 555
1 96 830
47 17 887
57 55 584
43 28 588
9 77 179
8 16 709
24 95 799
52 31 784
77 98 808
83 81 996
26 89 58
93 74 480
63 6 336
3 21 580
63 70 850
60 97 24
15 10 25
96 35 380
89 29 285
55 41 555
22 93 988
37 65 424
9 30 361
21 99 328
84 55 486
12 49 449
35 83 644
64 9 10
22 66 136
8 12 607
72 2 476
12 100 261
99 22 573
27 57 488
73 85 860
84 33 972
1 48 299
24 57 367
92 68 430
81 4 563
97 83 263
81 100 388
30 74 343
4 51 693
99 40 171
49 28 108
27 13 777
47 42 118
66 65 789
57 34 801
45 20 895
86 79 442
34 95 635
5 90 315
67 46 56
47 49 670
99 35 58
1 42 506
24 33 130
64 43 177
34 30 822
2 35 454
33 87 828
93 66 305
74 44 950
2 97 630
35 70 612
38 24 480
57 48 875
63 93 855
73 47 733
13 40 385
82 54 507
40 76 898
38 77 638
95 88 738
75 62 788
98 16 683
4 99 816
96 80 212
13 98 712
92 71 462
30 52 402
26 8 401
74 37 498
78 26 672
41 86 751
34 81 784
54 35 4
38 25 311
88 41 6
30 24 804
75 61 463
43 37 745
42 47 262
45 57 818
65 72 906
99 47 717
2 40 770
24 91 491
73 20 996
33 22 342
85 9 996
41 78 196
10 61 742
51 30 901
95 100 893
19 40 565
70 77 186
30 51 611
84 68 811
92 2 406
17 76 693
29 49 390
100 4 766
70 99 972
91 87 112
31 15 431
43 22 126
5 62 965
72 47 866
49 62 965
59 27 293
36 95 315
42 40 967
71 4 785
97 53 278
51 77 855
79 41 110
47 5 277
71 91 574
82 91 800
57 1 351
77 59 220
22 54 957
8 48 714
71 67 189
81 19 919
66 8 363
83 48 351
26 49 850
47 6 906
6 10 135
90 83 651
19 61 170
99 50 850
63 16 545
37 62 706
68 37 698
27 14 21
34 80 232
80 13 432
27 58 853
79 24 300
57 49 314
20 10 875
7 40 638
18 45 332
9 10 561
84 73 724
55 78 3
14 87 478
33 75 695
35 93 189
16 49 458
88 7 226
23 38 17
88 54 396
85 41 561
100 86 843
74 22 559
54 91 785
24 39 448
64 74 528
27 38 391
14 40 67
7 91 455
65 4 320
25 85 883
58 66 267
71 48 500
83 22 292
7 54 552
43 68 268
76 82 135
62 99 7
20 74 584
74 19 280
8 7 715
95 85 287
58 1 91
36 86 528
15 97 944
20 95 124
66 1 890
89 9 790
82 17 257
88 29 751
4 50 501
93 90 804
84 15 497
83 47 450
85 12 372
75 34 519
84 42 521
44 46 528
57 67 161
39 81 220
37 26 307
5 14 370
98 72 854
17 13 739
27 21 618
14 57 179
22 11 834
9 4 729
41 50 297
16 96 447
94 24 597
65 34 79
24 13 75
6 16 426
31 27 563
38 49 440
94 7 47
27 44 930
52 76 62
19 81 725
27 1 957
16 40 120
56 35 985
42 28 635
58 9 126
49 44 972
89 16 647
40 22 607
11 40 186
85 92 80
12 30 577
39 40 469
96 19 244
93 5 384
84 43 964
79 89 810
91 81 617
65 88 962
30 46 545
80 10 268
41 95 749
16 91 725
71 65 502
6 54 794
63 53 875
97 34 139
62 93 607
57 80 474
27 15 688
64 98 981
69 46 686
59 11 790
91 36 58
36 48 698
32 75 773
96 100 526
55 49 293
58 52 732
36 9 269
70 98 625
43 91 820
62 18 913
1 37 619
17 9 81
73 8 647
93 51 153
52 100 801
42 27 940
57 100 739
76 10 346
66 90 268
38 27 160
54 66 402
63 83 897
87 44 120
88 48 933
48 66 617
15 19 497
100 74 816
31 100 218
47 72 614
6 42 891
94 66 866
19 29 780
86 57 56
65 21 789
83 38 208
88 76 281
82 87 633
42 48 755
14 82 442
65 52 804
40 33 404
68 76 445
1 76 109
11 34 909
35 3 165
53 90 428
14 33 422
30 25 706
43 40 140
43 46 17
24 56 817
23 5 87
77 81 481
81 75 652
32 88 898
29 74 260
99 75 117
1 40 958
33 20 387
72 52 956
86 85 736
75 90 225
75 44 67
7 81 363
44 41 67
77 19 312
52 59 481
6 66 852
42 78 725
89 31 654
75 24 423
23 29 612
84 45 962
52 35 299
71 51 978
65 11 358
47 55 227
30 27 798
93 33 698
57 98 345
48 58 74
64 49 575
79 90 29
79 56 560
11 76 505
94 39 933
70 93 656
5 54 465
39 34 573
47 3 708
33 12 621
77 84 850
96 62 720
53 42 85
12 29 257
67 50 203
82 94 341
9 60 591
61 1 934
27 2 274
90 6 859
80 79 437
70 23 634
10 42 663
55 10 986
77 2 737
10 90 51
26 10 929
22 17 996
60 57 713
12 57 845
17 51 257
4 89 270
87 80 547
12 51 767
34 85 384
41 7 515
17 99 189
56 83 877
55 91 444
84 93 700
25 79 57
32 31 484
92 89 722
55 69 66
10 7 355
77 66 498
48 78 83
18 62 273
38 44 466
42 76 187
35 79 55
9 24 975
100 25 796
86 8 156
33 88 854
31 81 194
86 91 888
62 2 907
65 48 877
55 100 147
77 85 569
34 7 913
138
993
202
986
994
926
661
337
917
100

